8781161
6018767
6741420
1710735
6726121
1508377
1445238
534178
1847863
2920447
939603
6466132
907732
8927068
1122473
6093716
5673088
1944780
3355268
5807998
1323700
2971241
5756612
4419607
1353406
3975109
1028615
7481170
6072985
3954582
5654413
6256019
9448660
7169987
7835253
3852761
8554651
4979009
7459452
1437483
6229158
5634677
8234289
4096688
7780234
7645207
6892149
5363015
4893991
9450235
4516074
6831130
5201383
4448167
8421935
5646627
6794573
3587169
867672
3098198
8487775
8284078
1624419
1359167
624443
9930724
9991130
1708519
9158768
8435784
1677647
8785535
1348094
726487
1493547
6073952
706934
1937067
4896607
1908519
798099
2897269
3983686
7182002
6270539
6845364
3839723
6410447
4324934
8713416
6362344
7468775
633708
2769717
6773595
2480449
4443220
5823992
5447751
4431976
3929772
962648
8736197
8917016
1558275
9388675
1779387
2016086
6918857
3669787
6659092
3304596
7493625
3904286
2903621
6036526
1881532
5665815
4274557
3731537
9538183
2290281
5555209
5684020
2657370
6129254
5661622
2720506
5006166
3743026
3048764
8154104
1252045
8448701
7803878
2857598
7329090
9667145
1937445
785134
634219
2311430
606946
7369663
3518150
9933307
3568093
3262272
8245527
9762441
7973324
8900801
4565120
5889197
7380031
9667196
2433313
6077119
3060175
8266330
4760449
829554
7815995
3033447
2527904
2233243
3479007
2129676
8269442
1692195
9119133
2303224
7811494
4416721
5861904
7155315
9690279
1930954
2060237
4900704
9624256
890916
4501182
2907328
5439088
9625069
3783064
4867103
1675108
5609780
3257656
9473712
6131031
7700224
8986300
3655788
3264991
8737897
3108619
4783972
3409896
930503
8365971
8649487
8485481
6127215
2938439
4377783
7647550
2694509
3912470
8218444
807817
1344797
7551917
1802606
4127303
9045046
8773203
2163352
9516446
3706461
1314225
2904041
9210727
5497430
2001669
9890928
6894656
5755506
5014032
6471052
5696629
4205608
1457110
9625047
9722776
1873909
1383373
2062078
3362287
6589875
4047443
9257280
3443669
4170524
5650094
6313984
2339277
8079909
1667958
3068996
2945038
7698836
5979032
8489165
2213396
4290084
2997806
2039135
4564488
9195697
3093570
8082083
1880970
9533880
798460
5719659
754024
4513939
3716716
9487709
4979234
9824297
6517306
691762
7036203
2300589
7711519
5436456
3521457
8450624
3117600
9622195
4574329
8937343
3510998
8973140
1937922
7849500
2003322
4058741
6227431
9145006
8888750
1465466
2525958
5314373
5309498
9674477
9633399
4133708
8459427
8837299
6703333
7905808
5265976
1700298
1139250
4212923
4145235
3550307
5252820
9124189
8633507
1857973
7304298
5344384
1727277
525242
9703449
9279359
9571374
8484596
981076
1307998
6915824
1631341
3330715
8166069
6899988
8489513
828212
4416739
8003202
8795503
4461359
8668642
9047936
9097441
9233627
8009726
2662945
4516369
5495948
9739401
8782749
9744427
8693414
9081156
905539
6987105
3542784
4438459
3960607
4160662
2719668
1099710
7612350
9459214
9181270
874337
1623174
4631672
3705595
7455116
9596467
7619383
9765697
9534652
9864898
5647284
3474672
907283
6747318
2817377
7851368
6352686
4111235
2637603
1537657
4666668
3780677
691949
4106814
5564274
3813536
8398226
5657846
9851330
4243903
4514148
8471346
5698297
2382559
2136245
9865448
6068077
4923422
5348197
8801958
7824379
1885243
6546911
5836358
3645655
9784561
6277944
5177427
5214407
6033208
2972111
9971358
5691099
9874845
9111472
5031820
9038020
6313458
4647063
4447304
6045355
6996483
6747480
3183337
8255826
3239404
1109075
2888342
1195872
2051499
6738654
8187551
8542521
4789506
7128086
6926035
1202100
3490816
4238151
4488301
2366644
7567213
1844000
662717
9274928
8895853
6033488
1792985
3104862
2050782
2388104
787986
5201497
5340884
6704447
4577326
9489641
8428418
1492167
4054963
7446966
2796981
3435779
1243856
6396340
9947688
3275141
1795439
5128159
704664
547548
3979423
2392062
1102183
1160602
2641555
1174727
3462023
3886234
9251234
2828781
720301
4801491
5490435
4733652
9664104
5633387
4021939
4195272
3957000
5924812
2062224
2484590
9195014
5767934
1419787
6034845
2738172
1442494
3978156
5414790
5073201
1413090
5994773
9917857
1446770
6028205
5369024
6500749
4646189
6848159
6393948
7864673
2293953
9166725
4134570
775302
8144781
756627
8491998
4985694
7626540
6159500
680329
9563866
3478918
7483290
9490025
6082501
8972157
9616337
8837155
3872261
4191084
8858630
7215326
5016410
8725950
7599519
5855985
7553762
8342923
1687355
2991552
5998467
9699366
7094220
4129084
1136997
5748669
4220570
1111458
7947012
5670235
7384263
4716743
1861168
3765291
7704886
928021
3626932
3891792
3413849
5628447
7051321
9131729
4637837
7559365
7387787
4449004
5432749
717678
8213813
596824
6733880
7827206
3239881
3561003
8725859
5042018
8068528
6745008
5489206
9097695
6524260
2713057
4175323
6299883
4549629
817507
9134676
1186838
1566379
696195
4382519
2817572
7326095
5550086
9532531
8871638
4004330
1912147
2704299
8547177
3537725
3781396
9200094
548138
2126020
5415386
3716860
6858470
7678819
2909224
2380750
9410099
3078691
9176215
3483930
8635825
3680732
4641277
8051831
1168734
3607617
6534079
712353
2571965
1882310
4610713
7588366
8001244
6741111
9729054
9474317
6583482
3906229
4440274
855003
1684717
7807051
6677955
9189447
2458360
2833057
2278179
2915511
4167617
1740122
7696309
4836957
1056744
1255046
2916552
6657340
1081152
4842567
3089327
6910728
1611055
3877596
9845544
6889394
6883650
3355210
4693496
9434481
6926094
4843557
8831328
5715475
2312323
1490428
1426464
8152329
4092840
3463716
3638458
6951554
7234530
6517105
6673808
3249908
537725
7160891
9649217
6483988
2730770
8772987
7453861
6227318
3705148
5583981
581002
6135799
7760522
9673672
1880391
4897124
7535180
2913741
9522754
8178461
3828444
8686652
9055919
8455060
4848676
9897332
8191492
2854442
9526820
8753745
1018266
1508055
7380401
5212731
6399983
2640649
6434155
8915844
6780207
4709599
9835260
3647051
7745469
6391707
8512791
5462834
4050065
665274
3936959
4698939
9702792
3705391
6071551
3998778
8849433
1391685
7388611
1100988
6969391
8393906
3288474
1457996
7665171
5542511
8454150
8524414
4962132
7419598
620955
8960474
4259613
4959813
6680567
6681706
981711
1296242
7406980
6890688
599353
5451494
3990108
5654758
5171847
4854048
2364637
7449814
7886551
5663670
7541891
644314
9150552
5219982
6568539
7315880
4528185
6124588
2285844
9220901
1414759
5370565
5928007
1103522
976633
7501497
7277727
8627412
7960340
978225
4208157
2917958
8837560
2626098
1237684
3023275
6659058
9694223
1633339
1032046
3878387
7717566
9940682
6262871
3215458
3558314
3639070
2568019
9627522
2616664
8855898
2521657
9112341
2179473
7717810
9848471
7091953
5433349
9890989
1471941
8881646
5282172
6636010
6411635
3351889
5491172
3417851
2856839
7737240
709588
8843271
5969034
4043687
8563805
5422862
7439510
4428912
8383291
1908826
5462563
4596879
9333368
8479075
9963608
2673529
8574005
6615223
4407816
3708305
1038394
6182998
9757916
6800571
2537944
636345
697915
7812037
2021818
7504264
9735778
9693660
9180151
2669834
657766
6631830
1100066
8760704
6784209
4982326
972972
9313375
5830427
4032553
3289891
2786158
2735697
9645704
5365402
9264278
5500945
5656495
9200803
551699
6801693
4609320
8311442
7559857
1383017
7904708
2537407
7800309
4698587
6363510
7302333
4279406
709989
9021764
2479473
8645070
1997526
8667337
6533624
6060584
3041629
5027723
9564433
9500497
2679390
5513192
5464777
7588750
7762874
4033394
7710205
3854920
8388510
1535370
2773512
7993619
1173760
5529034
3188466
4691650
6505169
3623301
3779521
4503632
1338018
8057634
3731450
8618539
6891500
9019151
2098725
5900307
8782517
5590147
5263760
4872973
4686632
2314086
7890153
5063914
6267723
2204514
5080094
8599202
8061809
2356226
4654900
3717041
6090696
8164042
5215372
5850760
8819154
4052808
8589215
7193717
5939414
5125086
9396003
8316748
1802460
7820346
9907619
9501644
7193109
7062206
1223421
1131220
2047558
8011800
9554566
3498175
5502524
5925206
5783561
8237783
9973362
3286731
7209217
6748343
8839115
5266622
4655259
1100257
4767227
6079584
3037462
7368035
6475971
4524675
6714149
4471378
7982830
2748631
4740450
5801330
2558508
7880491
1059884
6642532
1310808
9723029
5744772
8801838
3124879
3520085
3722104
5747367
2235346
6094478
9429324
4898456
9584825
9629778
2217767
5381363
7198843
3779203
779244
3617647
5998699
4048742
6585414
5520415
5297506
5412444
5025009
5093428
6632743
5486243
6393702
3702311
4364852
781791
3422233
4328650
538399
3631557
2917898
3379053
9410946
1926018
1529272
4780425
5745447
8289308
9381155
4111076
6805241
4579151
4905034
1291410
1909348
9199891
4607818
1433039
5751330
2441340
3076779
1594531
7716470
6311137
6829924
7406983
6340591
7230536
2940272
6882283
2568263
9513580
7397863
5263805
8567046
4552666
9756696
871982
4795970
8277065
9730543
9665862
1480344
5945926
4471871
4380256
9424855
5932260
6967811
6142455
3024792
5569184
3882046
4684834
7984229
9649625
2421126
1095738
7343434
1319875
5682461
1843048
5857314
8708903
4688105
1384987
3662242
7869734
5461259
7630087
1908550
4860895
1600227
8283703
1379951
9432040
832171
8756635
868040
2044911
3305043
2523304
3237884
3502351
833864
1992816
7196203
2649558
5901141
1942452
9953607
3603742
3329173
5027109
4234543
6382765
4749281
5256735
7274389
6407082
6855336
3463146
5619356
6766331
6204708
4335380
8592566
7320081
2080112
5742041
861062
6384242
6862374
3919110
7587488
1657818
831469
5160090
6908878
7828401
1683763
958394
9940572
4344787
2267541
1357725
7492488
3270597
3910047
4222701
631878
4152399
2805052
6862796
6448794
9837841
4255117
8119771
5957076
4363632
3502635
5919353
534815
3739030
5728263
5597076
7921599
7628698
3144347
3935806
8931557
1597688
4049281
2242479
9733092
9820756
1021475
580557
4816665
6321225
4482939
6894063
783513
9041139
5167037
857625
1002037
9547294
1095223
7653640
9647071
5527655
3658629
8133450
9611659
8332262
4888452
6874815
4366586
1370669
1569761
1032330
8158430
1661177
3249034
7621197
4733932
968714
5696594
2451528
2110918
7214174
4518381
5958849
1020974
1320569
5177340
2731476
8965473
3314985
5963532
7287867
4365555
3276709
7529516
7867969
5580594
3088562
3624199
5096138
4913033
650084
3550183
3454101
5663426
663939
9453609
1893703
5035158
3064389
1117977
8892291
5903703
5784445
6134446
2522149
8375562
6121966
1064116
3568939
6151574
3883516
6725358
7831856
8917954
2023460
3320892
4392276
9627930
6965094
4794393
3408057
973062
3169030
4049843
2805304
5831038
3974422
4118774
9954422
888913
7395310
6717457
3411855
9429215
5113653
8507411
5300763
5656195
2478021
5394329
8380120
8742241
5273696
1047730
5694567
2959138
5014926
7770732
1888905
6087393
6134154
8159658
6563585
7155524
3946997
6189259
4832731
3285027
718185
9118425
1253552
1433131
1185077
5579561
5561746
2721967
7969374
8578155
9788728
6339247
4874086
6277013
9335708
3487595
6142443
9548046
4840195
4496613
6922461
4401013
3319597
5166900
8757202
8857357
1088822
1582598
3123143
7845034
4643680
4876458
7940280
7795772
4984316
8005645
1091934
1488387
6166203
9226075
6973896
9680230
1294921
5584054
3844857
7160411
1945651
5855722
2756428
5362489
6733819
8329466
3388112
2099844
9385102
4791691
3496033
4138081
3604513
3053092
9886805
3728461
7406726
1487256
526874
4954780
5693738
9817554
7505043
3797688
5777211
5645464
8579024
6854389
8396401
2610844
7185982
9831035
8519541
4214718
763957
1082031
8198559
1639314
1390461
7978743
2552450
2548063
7077076
7966504
4873247
3009055
7202412
7783500
8993526
4685123
6375699
9414428
1041879
3148440
1541122
4975604
8964296
2926350
9386745
6224382
1903495
5298706
5884866
4389051
2164162
836222
9968030
8708989
4532602
5016224
3202133
4435457
749940
3146943
6559155
5042269
7277857
4914893
2103387
9657380
2838039
2286065
8994970
3800064
2974074
4809508
1693269
1580293
4289297
4087665
9955353
7335233
849256
9085214
3060442
9419842
8775282
1171075
8799712
6437306
6450093
3185662
853961
8069692
9801174
6627615
2376473
5828146
5042475
4616702
5169578
6423539
1681903
1688547
8198498
809941
3181992
1459899
1716861
2536697
7183859
9972041
7567816
3283779
2656992
9205157
9610978
908653
9998397
9909086
4375171
3394411
7516405
7088792
8253670
9909855
6742688
9880628
9579619
4626332
6651116
1072186
1810124
2612567
8102355
9301416
8051187
6341946
5837493
1053066
5009056
1363350
3696389
6048127
8279664
2979869
9990915
6103452
3435949
1993714
4717684
6082533
957471
575945
7737915
8250467
6055058
8311374
2601489
5989655
3574522
4549329
8107163
3588535
2224087
2137006
3632525
7977401
9776643
8691768
3470653
4894582
7240466
9127010
2445546
5431620
4681349
8553951
8560231
4108733
8255286
9419641
7532686
8497617
4598604
3373054
1992113
5334959
1888260
6012477
1860777
9346602
4967285
5792077
5254396
2484169
7904721
5745789
1670711
8214248
3010913
6492653
9655203
5318395
9646075
7894567
535894
532622
5197536
6997963
8979092
8032598
5163827
9215532
6372902
3838766
9727256
5047573
6639992
4478490
9144595
7130811
4823174
4767910
8064279
7861794
7691480
7145136
1486537
5927956
8166921
971818
9014869
3021740
5004389
1278563
5427795
4728823
9169182
8698131
1668049
6083027
2866626
6827492
9980432
3456921
599102
6425857
2747068
9080023
3778466
5231675
2005130
6382969
3055334
8165629
5222143
3657388
961828
5338431
8440016
615954
5737709
3685446
3807422
2935100
5335154
9938233
2830756
4761594
9076717
9050841
8356549
4163518
2843193
713732
1968336
8895337
7768960
7665276
2793628
2799032
3274457
6826187
8097471
9391146
8769939
4392421
2754833
1077851
946619
6019980
4355957
8596047
1815391
9547849
1697381
2707091
7263181
1680127
597707
512558
4533683
3171995
8006999
8333497
5667782
4551699
2634876
5469094
1482385
4447836
898562
745472
5457448
8783990
7281789
8459460
8539294
7208629
7152788
3051248
5617857
7413313
7674439
4514987
8897611
5165916
7854203
5483721
2326008
2740705
5988341
6934646
6063378
3746233
8540918
6718259
2726282
9293169
3753267
2226680
8574004
875852
6530334
2755297
7046777
9173068
5002185
5332417
579415
8503968
2405284
8780276
3350434
8622663
7370041
4652156
2221059
716250
627075
5373296
3322882
8644400
5947386
4316352
5874216
7534457
3677902
6356258
2052909
2480309
1100333
9565955
1728065
3385415
4238806
3551527
5226361
5664129
6878277
3126566
3760565
6757974
690383
6704150
8697901
6930059
6012909
9466371
7245013
4923665
4607955
7288781
4713527
4447309
8504081
3307585
741280
672358
4289181
2975691
9822461
8454454
8460302
9951006
2798234
3965254
8295764
3820494
9425999
4520851
1813414
3779797
7870701
1086425
917573
1888263
5182596
3156553
8890975
6296982
5560357
7976059
2052113
5461071
4655642
3738832
3108483
1778142
7262505
1040196
8517459
9830332
9754426
9731750
3621259
2001861
9723986
6177550
7657933
6742666
7023414
8131957
4089022
975542
931013
3360253
1841704
4242555
3918198
4923061
5717229
6455384
7177806
3955610
515764
5682806
4776419
4456813
3734089
5409191
4216110
6050604
4896662
8332528
7695078
5285898
6858359
1546503
8664482
8538840
965962
9099482
1154829
3548353
9796642
8322742
6076034
5045438
9563194
9133929
8960642
3080974
8577675
7175049
7269088
9861678
7565534
1881446
3965764
3912348
1804661
788287
1377009
7488033
5587644
2241988
1890436
6250981
5473359
9993134
4957445
783383
3289289
722134
4645978
7992489
1461434
6683391
1178218
8578919
1235543
6510325
6791506
4262003
9094284
5506400
1359679
1753478
8755258
2732754
501776
1737889
6347301
2226457
7628715
6296848
9475991
9244061
6251605
1480175
5227265
4012185
7266890
8609452
5201442
4209638
9638566
8238919
1364900
3770157
834300
9691750
4419468
8809070
5856277
4502613
6108782
8846806
2517548
7098600
800372
963184
1654716
8249665
4742848
547175
8703157
8762743
7120684
1636183
8297701
7587195
8147199
9654684
3309351
4446392
8860948
8359388
4007170
6039714
3550644
605109
2266284
4692557
4936358
539616
2717201
6414018
1991539
4289079
9826433
5748438
2083825
8288335
9778363
4528636
2926264
7289043
5747729
7134214
2584037
1311537
1284171
2988148
2923231
4943846
3520788
8026746
7695569
9368973
9315966
8485375
4016295
1879547
9358097
8265428
5024225
5968709
4174506
6609105
7516510
5061492
3087394
3421426
1001439
7182095
595480
7703472
9564169
3681787
873165
5423994
1094939
4624392
4672899
4752721
5930329
4631065
3464175
6429254
7480927
7722438
6063211
4998632
3049466
5876950
1629531
2114725
7329800
1256749
9495195
2235435
1456719
8498572
6051427
3305012
7292367
4963941
7823632
3579797
7749143
8899063
8526485
1444075
6592750
8107804
5099231
3303751
8775561
5706676
5062195
8949888
1557124
8528401
4728574
8697759
4608673
1904340
7617167
1802037
4469273
2383190
6294966
4681991
9351491
8265880
3006019
3628144
3441193
2247536
6123098
7196648
1065975
8010703
4112367
2480699
4465391
1068054
1392616
9154968
8205395
5314813
1042839
9789504
3374922
2822204
3276999
9494422
9759386
3389852
6339626
8011384
6005855
3537136
5239430
5647091
9790806
1173456
9819490
4325159
9143821
1933157
4371004
2875688
7193414
3530463
5436528
9068460
5122428
3228835
4931607
7108425
7043548
7211622
8690053
8988517
4118433
5145299
5954911
2721601
9829683
5012634
8726630
5876796
5371955
8217904
1324242
6599841
1686047
8857552
6014327
7133741
3376720
4505463
4919518
840814
6343194
6328053
4185731
8283933
1766264
5750145
3019005
6004592
4067644
4963340
7073553
9204645
7534284
9054129
9396331
4722208
6997480
9157693
1036522
2674387
3273148
7901123
2988898
3056375
2595631
2456635
2061833
7537810
3274606
4615641
2845184
7958937
1029697
2082713
7264400
6414462
1070309
2435920
5400774
3935862
7780763
2717697
8817421
5313525
7060427
7380729
3094751
4963780
9306150
9403154
3440379
8094587
5699939
1584826
2711442
891515
4835621
4763041
4190681
3071731
2700687
9609545
5446096
8098445
8465973
6993825
5942977
9628882
6851449
8780378
6010511
598333
5568449
4442315
3085138
7128183
5713801
7118042
1775303
3152555
7998601
6342885
9313324
677957
7951442
4552040
3917915
6328064
3398174
9204081
5415400
1634870
2718321
8183340
6577278
2463283
8612055
8813778
2846767
9132832
1201564
1183217
7483707
5937398
2508810
9765397
1860192
2402085
3567616
9868754
7485825
2117927
6293365
6122616
7329943
8277531
1731670
1546054
5788318
4456303
1683586
9708074
1845335
8905690
2141170
8115846
3951841
4433315
6613607
1526660
607206
7615067
4296282
544162
6833684
1637818
3735874
789960
6845633
8520857
4660139
7433003
4935543
634728
4378442
3994115
2757643
2649917
4590320
8087584
692743
1026378
9987978
6027703
1561626
6455657
4921430
1837644
4216218
6548326
1896815
1985912
7000228
2935377
1203166
4480838
6918871
4566776
3067688
8008426
8129672
688921
3009995
3979289
5133675
4626878
3294587
8009837
2947329
5393655
7541950
8466035
5734484
2133553
2277650
4087525
7338803
8521440
522831
8841578
6714914
7201259
6699957
5444606
8515543
3879965
2106428
6647184
574340
4500297
7056012
2207264
6861596
525104
7015657
8302621
9484696
2386686
8692288
4001703
4272669
2927447
2457705
1194789
6488415
598187
601417
2135662
4422322
4590043
5545136
8923373
9831166
7439861
5106757
9712191
6073836
6358519
3372646
4790099
1197932
7412857
2511875
1919947
4331969
1670715
8905903
3445929
1692331
8279325
3019653
796619
6491600
4798690
7892349
8995325
8955207
6750068
6306904
5104181
5253867
3755340
1739784
4348222
3625448
3756995
9453674
858172
5768968
3208284
8227843
5527335
2540128
8720860
6122507
9215819
1759589
1614415
6722820
1008828
7633881
2787652
6727176
2550517
3010531
1713466
7090270
8818716
5827727
9273623
7968408
3982479
9019736
6899644
2117616
1718593
9239884
531789
3828895
5620925
1753086
2362691
7460154
2092751
9321181
2798816
6167286
6656722
2800183
7179472
2128730
4177917
4344517
8814873
7097262
4059123
6566108
7123674
2405415
9356469
5282521
3157710
8956691
4944869
6914965
983230
4854474
8608686
3850384
9656360
2877063
9492725
3743752
3494108
1242948
9300195
5873935
2979805
5678080
3024470
8578783
5713479
7224620
9105073
8960265
8967700
4382684
8439193
4585025
3693862
4659140
1806829
7604720
8573175
7503682
8896141
1937234
3712965
587527
3129242
2609460
5529785
2130894
8247839
6019594
2770316
8325747
4316401
4455192
5233192
619013
3343606
7445884
653120
4956237
5370315
503889
7924760
3924092
2244241
9262067
910858
2991983
3661328
8674363
607641
7357593
7132461
4211956
7625265
5400245
1786275
7972215
7191416
6784682
4658246
7947584
6573886
6770671
4700601
5172298
4141871
5800673
6301630
8956791
503649
8838110
7224707
4636195
8755789
7955650
8934533
544588
2650159
3567993
1387509
8619887
9036921
1035795
2090977
4477811
6037969
6461786
4166761
6745091
6443196
4951972
770570
9589352
7175428
2660544
3337236
8141620
1477872
9027719
8717039
780666
4514453
2684320
5216692
6141127
9188232
9017628
8922611
5554662
5647042
1863133
8013440
3474808
8734458
8630986
1435035
6341404
7921314
2781700
6925561
1049695
8047878
5958533
5985828
4400737
8874279
2031214
1965523
2402246
6971609
9615364
8814979
9734036
2765578
3458995
8066433
5273980
2501632
7703310
4129016
4856140
8414626
9627516
3296399
2465479
2279167
9383433
8422003
1877606
5833226
8520166
3936794
2348425
2253193
5906830
2061655
3753098
6336889
5331043
3658494
6575318
1789307
1779803
6595600
9465559
3584013
6869923
3021329
5132789
7707984
3404739
9958870
2536895
6877017
3193232
3042246
3574819
4201187
1322576
4935528
6728618
9504881
6500841
9595206
8642296
9628519
5965564
5923807
8931393
4155997
1803116
4461784
1822352
9331362
9912403
7600201
2512307
6681661
6336294
804698
2115409
2952721
7202025
3033155
6707608
7933454
2247238
3271812
7915150
6370869
6024547
676595
886592
4443460
5618821
5468220
630116
3597951
1783969
1342244
6805786
6971056
3951424
7525215
2119972
7507703
8796868
3739253
4896754
5140159
4096795
7002581
4049280
9219517
904922
3898516
7154521
6391738
707623
5211286
3437163
4864355
7164752
6867578
4954824
4414275
619364
5080431
9036173
7105398
9953210
8153624
8183054
3059010
3589482
9485212
4833764
3134164
7538779
5058569
4376283
969623
4767938
9086419
1054707
7002251
1895348
1649918
3091175
9811776
1522579
5967635
6489359
8759761
8644166
6804076
6055353
728099
3122844
4257680
5311288
1489082
4152128
6599686
5859922
5260672
2769344
9501852
3324006
2271958
7407936
2042367
809756
578392
7398883
7426407
3573091
624032
2010581
7384403
6416942
1849750
6334059
8513103
8241945
1980818
4245174
5167055
7629127
2767660
796773
3702637
2931624
3264803
8165794
2820197
6577921
5994808
9213990
3015178
2512438
5770323
2468403
4894518
8009912
7167895
6293325
3496586
6080781
5907655
883037
1022855
5670649
5637608
3590614
6856569
1588041
6034175
9644343
9997606
6345568
3826924
8511555
596163
1995593
4023428
9897779
3972948
2322947
6011165
3261688
2677201
4909492
4192198
6315512
2653612
9419471
8690576
6842958
7625052
3405668
3204892
7564525
4647568
9872497
8055920
3557083
9447526
4983677
7508080
8841163
4370633
1124315
6866804
5690268
4772581
1315555
7639616
7727045
2307555
6546506
1589121
2788288
5011259
4873295
3489511
9585394
9290399
4596423
3826007
7647972
5446909
8138661
5140125
6222007
1046189
3458897
2761899
8614161
779853
4343221
5342594
1936736
8149044
4108297
5541220
4246303
7098475
6063291
5414112
6235976
5483827
7961336
5801503
3107703
2583741
6073545
7175718
9113442
7540573
9061031
7966004
9721936
9852447
833265
7306144
7548929
2485348
6757005
4060047
2768771
4907693
2225237
8198114
8288356
8007718
9875379
4922079
4972176
3659935
5586964
4642397
4248406
3273358
8625835
6050128
6760566
3366026
7868995
810673
5799922
5794214
7926567
9401160
1526500
7198642
4176508
9256160
8112882
5303558
553486
6898975
8652588
7353626
8113543
1734964
975073
7144588
6655479
1271842
6245720
3804856
6671694
4527150
2054520
4235267
8204530
6569108
1196882
6533385
1591682
3570756
4039162
609170
9575730
2443899
4591955
5433850
2005943
2145622
5252206
4629352
7585950
9306302
2277990
1247673
1223757
8862544
7248641
1756066
8661754
533116
7182308
8527424
9784326
9415755
4464004
9546838
9568128
2015524
1258233
3952546
8607530
2050473
6377158
6875862
7002005
6859244
6269974
3253615
3796284
778303
6070661
8855054
3505026
6832672
1816202
2915420
9105104
5643098
9492400
6036222
3435714
9718423
1685293
1854261
1216658
4844363
9137950
9572702
8083095
9638146
4552463
5635172
5445392
4859221
9578195
3261440
9464691
3355281
1279298
2801402
3295358
3057896
5894349
1027885
9673925
7612629
623294
5136538
8996793
8670375
4281090
7055683
9081014
9287086
3774633
9993968
6202741
8453260
758739
3186470
3941629
7081325
3419732
5053671
2471328
3179802
577505
1534314
7657608
4671903
5287030
599723
4736368
8187156
3261157
572793
9899462
1029745
3121416
8225851
5319584
3827194
9802017
5675117
1308554
5387202
5957638
525798
4911264
2978343
1621510
7979508
3143206
7930053
9594315
2466143
7947997
3094988
2251709
3851544
1961795
3040254
5849248
1276352
1661760
2883190
7247496
5345310
6919980
929554
1579847
6905689
3783455
2785635
2272323
8854471
8678662
8458653
3083747
992867
1610005
9864473
9714461
9108947
9991673
5908237
5116404
9110158
4760766
7726547
9286543
6429550
6644863
9236422
8695166
1682698
9716726
7930506
1568046
8372122
5541285
9681142
2633146
6269077
6486122
6016881
824925
7358786
2174428
8611301
4863999
2858911
848568
2666084
1845835
5579201
1077940
3894384
4841756
2710036
8444454
3980870
6628642
3697479
3081279
1087395
7482880
5633259
1893273
3831604
7743516
1043075
3731585
2502109
1720634
8605574
3758842
1060453
7403930
1944326
4818339
5056535
6662243
4122336
7897180
8602206
841488
4863154
5776975
8491492
9188059
3570900
4539069
5591575
2286059
4746119
1665214
1180328
763697
5220896
6022742
4095382
4777216
6546846
5616136
4330284
6693533
1566602
3529411
2104801
4394917
577498
7387052
3731348
2909041
4380979
4556589
4501063
6575873
5121121
8598913
2253647
6165938
3861895
9415210
9688834
4610266
7670301
5119018
9431949
6656217
1021957
7465947
2837262
4067585
1545862
4897575
3708117
7835903
7558470
4959462
5082239
2240286
8109293
3857889
6897953
4291328
3496877
5890458
5842593
7222520
1138353
3175749
4584894
5534480
6019441
7484743
1868637
4441889
4315333
2526343
9266390
8036473
8239008
5538186
2690606
5968616
3060894
9822993
9248901
5634764
5411096
2092843
6356329
5493623
7156266
6114730
9672290
3197652
1002086
6666733
5881723
7622262
1347159
5349207
1816455
7768865
6786297
9365848
7419396
6930442
1493536
8206804
7359837
4308455
8038242
8483221
5070726
9455850
1840178
6900840
9675336
6693474
5718442
5796238
4610017
7450725
3628315
5470085
1594505
7842309
2130204
8231522
5272179
1837345
4170408
4217783
3432020
2807665
2370463
1992257
2900645
6125925
7147310
5428262
1665545
6751415
6941077
7518997
2862347
3471062
5747431
8711009
9413723
7411295
8526348
9411124
9854030
6453088
2401498
8224050
6971121
6228092
2890959
7005763
5573187
5580766
2293481
2841151
4136686
5280201
1950999
3871832
9663180
8266075
7653246
3967364
5574082
9087491
1780150
6078642
695010
9710802
6128168
4789669
7744240
4829346
2364883
5262792
5075640
8415552
703830
2202951
5078931
4034245
6863522
8959063
1328972
672087
9994188
7944693
9150054
1310626
4561903
5516651
8743839
5982544
3065424
4134529
2968489
901159
3287471
5409507
3938621
1844708
6019128
9855947
4461126
6832014
7434097
8791633
9615332
9427671
2378992
2739937
5682743
1523856
6431255
7177300
9345277
1533742
1699485
1356838
1608972
6655585
2232570
6310946
8907663
1442194
8016834
1561588
3573233
6754770
4872912
9584063
3516415
1302260
2561474
7524314
628766
3953754
2534727
1366534
3405092
775310
5589280
5041135
1224041
5389269
4537204
2572238
541836
7159113
6517860
2621445
6019908
4016778
8781839
9152312
535849
4263841
6059173
1241006
7885189
4899619
3527074
6445268
3258161
1108442
3112230
6721633
2467814
5416768
5568351
4450226
9515974
9947024
1358531
9646240
2213248
1728386
1586298
946715
5682504
8496044
2650271
5956764
4410648
5051945
5269285
3447257
6777094
4555663
1362604
6018676
7297746
5971291
7000349
5479021
4338328
1055756
8181724
9049206
2434744
7518292
9313898
7820180
3587053
2543030
4045540
8122119
5072374
4761616
6834471
5825292
5845578
4634306
2501751
3291393
7672216
3696214
7553116
4101370
7794754
8953844
8039157
8797393
5926956
2153227
9090803
3592997
5098843
5740973
7128998
1559257
3641180
6620418
2119465
3860153
8541108
9084039
9749326
9992749
1800650
4663321
6076643
7460533
8209955
9829349
5859993
6060573
5889609
9014917
955329
1956631
680464
9302049
5750612
987403
5995637
782834
2315606
8262938
2236226
6800436
2928486
8583593
1469823
7329347
2908867
6965711
8672121
1479622
7819028
1458994
7303988
5929947
3005754
3883726
7907702
6236990
2777775
9917507
3388763
2082537
8143584
9204476
1788735
9191626
4089664
1838817
5268397
5152650
3664864
2734415
8056164
6641450
714507
8760564
4339116
7174432
5396787
4366853
3720641
7358317
2690423
9357797
4003476
1525108
4768943
9732114
7533486
4230898
8033898
2459900
9425502
3724205
2942880
2306040
6858573
2167591
935642
4099707
2047763
1997925
8525680
4756110
6525069
5397634
9095850
5454176
5275616
9450363
2307914
950242
6472701
8621158
6418211
7970204
4043780
4361800
9853891
9169037
578222
6415562
993784
7368996
6718830
5771647
9959852
9054160
9147851
3114880
4215768
5463405
1878125
8248866
7297115
4919653
3183069
8738690
3721443
3656066
9522358
6841023
6798194
8847460
5046834
5847570
8085735
6134573
8492129
677431
3157668
3393105
4069908
6023999
992115
2657771
1053200
8065432
1563884
6387477
9340174
9705862
8185378
3962387
4069355
5186832
1968024
8910557
4902342
5995490
5499633
3969638
9655707
978475
4715163
7038357
9643958
7033316
744071
6606755
9641420
7414882
3269202
4370293
4692679
1032552
2376095
9954278
8214737
6109986
642112
5442488
4391106
943739
2529343
5098845
807543
4036463
7660268
6586074
6978645
7314704
1631193
4893086
7078899
9981555
9181443
1716666
4900958
1558846
2421820
4658689
5906628
3455693
6903616
9703071
3042221
5674160
3156419
4572248
4627026
2138473
2724392
3158261
2219414
8270869
8494851
1945999
5423121
6820447
3388390
4794409
1853752
1357870
3984898
6611896
2438682
5643061
4819515
2366926
7838798
9636826
6991685
6241604
1967883
9298634
9434062
6978885
5854146
2037682
4186437
7699274
7994087
6429007
9276512
7095966
9139814
1214575
2243057
2409076
4770543
5413233
3404546
1869334
5775399
6054146
1497637
7363622
9145809
5506818
6374527
3207230
6824201
1269315
7437319
1559637
1291781
7356024
9972956
1018557
2630174
539906
2137056
7174478
2241456
9507509
1280407
9254916
1864350
979003
2725348
8597887
3585004
9504030
9911708
4725210
3028842
3726321
2450980
4471966
2213345
5833022
6805540
7438416
9929707
9866654
6023027
7744739
6307779
8655766
6266105
1820377
4275596
5420930
1154903
5934111
3521124
2085262
4241681
8614005
3198664
5551991
4883894
3624388
2827901
9097864
5857196
2463874
2964111
8772204
2101414
8451446
1528530
8683934
8221755
7784690
7224168
4903397
1847105
4166265
2634294
9144585
3515069
8839678
7693152
3528072
8572924
2216294
5932380
6017911
9354003
9327381
7906130
4071409
1038474
9773593
9745188
6133048
8982211
3360587
9885146
6321830
642261
9199404
961704
2680319
7401690
6192764
6922532
7669081
1887899
1737003
1497656
4619551
1141628
3458264
1902723
1210208
949771
8144342
9368686
1418403
1325377
3556520
8300521
4243752
4289966
5126944
8620902
5050472
2793616
2595220
8078808
4310771
2156409
4332197
4973089
2558156
3881090
7376128
2372587
3561486
4604453
9574524
6576469
8766668
3187725
9714359
6178977
2424450
9767111
6103162
1093520
4746304
2122638
9999014
1306600
9815513
9680907
7591938
1682621
1766606
8612783
7438153
1858670
4237792
8439019
8733660
2278583
4239159
8147709
9443810
8634165
9615612
2754358
1332575
8007014
5454519
808068
2301031
1039241
8514346
7510161
7220140
1623488
8721396
6631333
3498423
1563986
4073846
7932977
5484858
4383540
7896673
912021
4736056
661820
3374152
6843933
7342170
3952892
2769558
7123518
9962208
8525000
3556394
3816214
607150
1271834
4928287
6594396
9529667
6003433
3190227
988199
1280410
3088302
1003699
9460791
2386809
6117463
4388514
8841000
9429795
4701207
8701987
5443799
2833587
2234288
3320765
3633181
3725442
6437401
5091716
5289941
4672369
4286293
9435941
3702869
4122018
4847511
8939734
1938609
8608264
3448362
4312756
5764078
2239085
3498935
7597165
2674098
9371036
1613204
9675598
2731599
6789088
4958892
9783395
4479257
6985920
8404312
1156736
7601497
2323562
8053528
7978332
4239064
8432992
4292068
6781054
6749307
3480922
609092
1495463
7963725
6359389
6876809
1256431
3845512
1872002
1587957
7713800
3524186
8909363
2089300
6914749
942264
602647
1904291
3487756
7849157
2234775
6277221
3740665
786904
2041570
7670581
5951930
4068789
7829416
4246118
7898118
3030419
7211086
3924625
6155308
2410164
7158067
8668429
3180346
2761788
2608358
1065923
5800418
1724837
2872214
1657075
2754358
5092831
6117048
4111122
7205373
3133967
1847232
5416557
8928836
3464722
3183143
7154220
9945505
6522419
3487739
5502806
8831299
9991086
9177666
4511411
9920973
8522438
5618326
4595114
2141481
5808132
1752050
8980610
2937241
4233909
3635740
7687064
1252416
9215592
2785873
8029809
6367706
9109081
8766713
4188669
3803615
8785259
6778437
3971146
1366823
8698379
2333992
8023052
1168777
1463634
6006040
7024882
6859532
3249502
1386199
5386624
1263244
5099468
834155
8878488
742206
4842889
7819891
6489425
1118918
911384
670813
7404083
9803307
7260061
4742618
5605180
3652737
4919823
8672344
5174722
540630
6614118
1509115
8720563
2591716
1465335
5006659
9576635
5639549
7834390
2227565
3225554
3729714
4041149
5762173
5312696
3440545
6356258
1197316
611129
7975769
1034449
5008501
3835303
6558691
5623605
9289255
6718342
7074563
6193890
8919735
8024878
1492178
7538314
555668
6098829
9251654
9032409
8353370
593743
622869
9008984
5631432
2136474
7503985
3492601
601242
5561809
6995149
1503939
3716254
9455852
9826762
9859615
8176397
9216435
7141511
4128072
9237063
8688101
4549699
6468760
7427630
9558165
9722585
9241727
6355544
8045224
4710519
1930254
3040917
1714535
4924783
6363117
9113452
5891357
696665
9761417
6449280
7869229
2020034
6979609
789810
1906144
3563399
6690075
3983242
7426293
980256
8237772
2039227
8063671
7919109
1099186
4349774
6572042
7197501
9425466
656540
7301130
5194024
6210035
7143136
9411251
6585669
2912956
4303510
6800058
6277234
6635159
8654187
8678810
1236058
8923026
5723436
1830648
4258508
6023230
3167322
5184238
5024451
4734681
6336721
7849560
7663024
695843
4685624
1756142
7668124
4948956
3348674
9630194
8259892
7916880
3945058
9452559
8030757
538583
1527423
5773952
6812197
1161375
2674019
3466123
2326664
3440567
8103759
6708946
5479814
9712086
8014225
7036684
9099647
2661650
6589229
1313572
2082392
5630793
9697482
2935233
3847274
5834104
7284642
8262360
5827614
5066940
2614126
5135416
2596064
7454137
6608711
8738694
3409117
3960707
8787983
7694474
2341293
5358727
6488569
2758702
1609943
4899825
1894222
3481192
1923915
517797
1518316
2549339
6541027
849510
9003390
2230829
8513815
3096120
9018405
4294254
8461027
2963835
8561202
835468
2997591
4437300
7788046
7005368
7300941
4795249
9080487
7855792
683072
3678683
2503355
4429704
4100151
2544202
1154515
9409027
5172131
8421040
9991249
4248826
6352378
6912044
9247481
5944778
2511556
2386868
584357
6080178
7809912
9352394
1374989
9919413
4564886
1500483
1652174
905409
606343
3218743
7048546
5951951
3254540
9107478
1043287
8792615
5993751
6505018
2155806
7887869
7196318
5790495
9234094
6716949
7835634
2857857
8305418
1767227
6668544
1744605
9525256
6122184
2678171
4775167
1676323
600037
8216165
3142978
2632052
8530548
4405198
7612892
5937075
942211
3912421
5477254
7506262
1421522
2590724
5691308
8783508
9878535
9163360
3954477
9779057
8744844
8288120
9188149
624592
1934613
5825432
4473895
1232288
4672458
9729917
8350207
3872835
9905497
8655000
1703335
8471447
8425615
2732507
6860921
4255804
4950565
7530537
1542070
9686699
5194445
4318972
5995864
2172833
3823969
2178407
5154820
540187
9844054
6268827
8339034
1431235
1038551
6546883
5982460
9334070
2724918
3345963
992677
9223325
5809984
5116210
9009811
1956808
8154359
8656206
7072735
9552847
4119772
2433263
9228071
2600534
4376688
4637955
7213425
9601535
6155491
1917093
6989362
8023147
6908727
4230261
3820335
7204653
7754861
3852561
8461540
1011128
6304730
2691816
4945926
5061601
3386400
9983296
3220021
2042798
9035620
5759212
7877258
6897090
714189
2628595
1032390
1475081
5036652
717298
1610682
8166592
2236061
675384
8042537
1454944
9712806
557327
1792267
4012264
1980869
9483311
1981974
2497053
4387269
7620260
9622240
1121036
1553815
5564608
7094492
9202341
6439821
890789
7349207
4481454
3555412
6915090
1534129
4844350
6707421
509200
4983636
8703056
3725961
5448988
2825045
8326504
1618951
2905209
2519585
6305824
2231571
6822903
8815422
7178322
1909436
722406
2013642
1481774
5731607
7461577
5969096
879366
4512068
9359776
7697895
9420244
8830028
2983680
7293819
3232709
8811826
5722344
7139445
1092026
1705344
4887852
5960406
5414107
4099824
6612308
7476741
2497460
5538617
2172753
4980067
1893201
602715
3119469
4715183
4233191
9251805
8488668
7774833
1742635
1231926
8306730
9065855
4197429
3943562
9793166
6590717
7115096
9661950
8858041
8853231
8083335
880963
3163900
4501818
8640645
6109503
3398362
4064316
6798742
6010663
4575069
9858229
3023400
1448572
1132192
4525105
7764242
9190498
5208720
2269048
4423431
6007777
7049422
4163352
7431019
7438846
9541095
9306895
5469528
6952979
4392548
4375665
8348549
1603376
3857474
4015391
8806997
3644557
9148754
4434432
6745202
4768573
880500
1004337
1011420
6202482
2198586
596170
3025715
6671531
5021187
6398160
4914285
3487294
8224133
3495977
6773624
7015900
5572384
9833023
4845105
8975622
7889424
8662426
6234622
7966387
5202677
8499818
3115402
2589273
3555760
7306139
5295981
2755128
6006984
7960306
4461192
8204355
9392017
6717793
6957045
2083174
7667870
4200140
1477681
2399643
1088174
7116823
9181668
5133707
9508577
1385970
6994330
4711785
2719389
9981227
3810867
8243453
8500972
8250553
5053215
7998349
9769476
6770387
9913914
1876926
5154448
5094856
7915363
8755904
1916143
2979450
8354842
2496498
8997582
3339461
4728996
9660317
8565438
4156360
7628284
3914151
6383693
3162909
1377234
4642661
9682941
9596061
9465168
4489871
2681473
7764307
2772321
9030147
3164970
9911429
6122749
9591011
7275651
9874671
2950059
8852122
5064351
9121180
762656
8420956
8923814
8548858
9544931
9916015
9714367
3449125
3167786
7587084
4871426
7601171
9613870
3908398
972955
2300173
3154462
4389815
2283280
5159933
8122753
4741301
522752
7276276
3560033
9141995
5567350
8100168
7434772
781552
1369957
7804682
3226211
1176004
621184
9159961
9626729
7204637
7018371
9013579
1205068
6330407
6146692
7568072
1204695
5785011
1139958
5662515
6760958
8679125
2990974
3236966
2501745
9721722
7796090
3149555
5377043
517184
5394649
9514832
6757891
8657505
3786334
7113583
7494433
9660990
7717037
2453485
6668410
5937606
558840
1169352
5271504
3416730
9300586
3526291
1503043
3235466
5631651
6457386
7007459
2643946
9939463
8850305
5847010
860762
5074455
8261432
4186991
5160105
9111853
9453393
5779620
2246382
4772006
3360803
8217626
5797320
2188531
2064904
9605729
9360240
3890843
1944346
5092941
7277892
3159425
5457624
5300933
1687898
7188920
7259373
1884074
541328
7002990
6433893
6584095
4519437
2576195
8997041
4710416
6428655
9724002
5043773
5995249
9788440
9061004
2158870
1061122
972042
1810622
4985659
4406274
6312485
4231750
7695389
9278728
1747463
2914255
6757453
3474962
3035407
6714090
1786624
5325136
3519601
7699824
8587873
7869187
6379533
9267053
8871251
4348200
3742981
7870118
3488781
4339639
2973991
6636569
5427225
6836277
4447569
9684335
9023976
6757798
2965551
6447646
1908164
1875415
6500046
1283987
2154141
5040370
8221540
7174200
2336720
7616807
6345763
5782829
4261029
4255620
4482931
8869437
5063743
1634691
6527117
8551887
9157028
1177605
2543650
1627369
7222975
3075584
9958619
3449129
7622348
636615
6150225
2812327
7734440
9395099
2277339
1039806
1682449
8728244
4477801
2131048
9724180
5782406
5557894
9153597
3984365
4782490
7213275
4982061
4377531
4100147
6128170
2608706
7337710
1383536
8107766
8563743
2352602
2017313
4425929
3437084
555402
1181483
3117670
2967868
3232170
8525199
2318045
1128185
5816909
2873352
4199813
4255880
6731297
5778212
1435388
1593975
9593973
3805042
9606585
1847420
1056098
9406761
3022769
3666132
2361778
915231
5527637
884131
4468831
2287988
6078626
7777027
7174544
7491075
5550784
3557649
7131321
8178090
7421021
9947939
2731830
2040332
7727409
9886528
618149
1629179
5802857
8288327
5118667
6876559
9311012
2095359
7409341
7091865
5532238
7195004
8012187
7887395
7109185
3066103
1692687
2572678
6279692
9012338
7094138
7183720
3105272
2596439
9977767
5106089
7601786
8843951
9572865
2513795
9558890
2041972
3479297
3175830
3877257
670358
8586558
4566074
2382171
5049153
6951766
8414594
9703945
5297356
7823339
8069252
5420229
9032610
1410162
9455928
8249400
3948459
3331926
1343393
4937318
4371166
886058
6258779
7287978
5637057
9304733
3305719
7879449
1264079
3052152
7055656
6612144
551319
5310976
3717799
2725372
9371720
6527487
7347500
7121331
6542500
2102731
919691
1533367
9822003
8371841
758894
5943776
9713914
6180135
6475462
8389577
6719081
3604916
2237358
1794208
607491
5977516
6775762
8035344
1532918
2839723
2273142
1511552
7599284
3222744
8310663
5575942
5734259
5766640
3954061
7439879
3000689
1410417
3930598
6731585
4472649
3325604
3430670
2065266
2713622
3438008
2196683
5737011
8542814
5301281
9626457
5796363
2630649
617729
2096501
5444394
2638280
9537713
9674084
943724
8972631
4665530
5171473
2517597
9151318
6692154
2233732
8340954
9435237
2028221
7736249
9778126
1620455
6746365
5844019
4763797
5895502
3171552
4888251
8510888
2700923
4823370
2270589
4785314
3976974
9696697
899761
1533141
1713558
1048245
9595066
2210595
9041389
3298637
1846792
7048483
6495843
1403870
4957301
9396769
4026639
4491355
4602186
8307632
2661931
4117124
557849
4568301
7475709
6366086
3358631
1989121
8462207
7709522
5096976
1104055
1797771
2132453
3018432
3276026
5723565
2431018
6992420
9171637
1753430
8378926
8907495
6103049
9143350
1062399
4510061
4760284
3981898
1896718
3686197
2413331
649059
3222157
2998277
3130741
9843492
5935474
1705561
1184593
1270325
8980649
4164187
7550560
2362760
7647099
1005094
9492124
8550715
7439861
5733742
9268941
7194685
8817184
740518
5508478
1741940
6506438
9494618
6599170
4387198
2491069
2524873
5411669
1636935
3605562
1538784
5482226
7058107
4122070
7471697
2384750
7844426
674142
4455171
9787993
2724907
8885306
9955359
3808005
6490217
6940929
3700637
3248659
8287527
865315
583985
4571599
1818843
6643911
6719949
2059446
1005998
7488911
4647561
9215336
9054704
8542376
1787528
4568579
4530584
6614527
8435679
9791103
925168
7535972
8037820
902238
9713736
8560485
867926
3910685
6126460
8558575
6747704
7248708
8144357
3883430
1449328
1437829
9680174
8433101
2553854
9894517
9228415
6338682
3918980
815906
7153615
7049761
3631767
4662836
4471331
1091134
8617116
7458656
3273720
2559786
4419168
6750620
6303069
1073407
2518867
3436226
3608338
3846408
2161994
4150724
2157548
6149083
7328291
8389647
9741867
9860353
1833850
5851689
7077773
3742991
5718226
3947465
1620950
826477
1457513
9088153
4536098
7583935
6721777
3983697
4138634
9216325
3828870
1199830
6978110
5991739
8213403
4696412
1894762
7187016
9157643
7593978
8754923
6699351
3513322
5198787
3965625
858604
1435551
4955156
633756
9330473
7088573
7950554
5680649
5818211
5392720
8792504
9703126
6194838
1307069
5773424
8036348
3690317
1000025
2409117
3537098
8126705
4084656
8417943
7876960
8310743
7761982
5961613
9471142
8973858
2050372
9087657
4983594
4662372
1802763
9917315
1708402
7779382
6599009
678020
1643331
4246125
6435973
711737
2470189
3077349
8592583
5867700
2474440
8041135
2482455
8534256
2366177
2955896
898754
6328038
1648132
4294577
4787721
3823211
2806753
8901296
6711738
2795095
6478233
1758170
1543414
7666457
5688704
2228940
878724
9587536
3029171
7077175
8631318
5730141
4204874
7296155
4243632
7750530
7429725
4901900
9694496
834883
5972257
6772321
3531666
8441246
6728448
1045196
2313878
5574709
4681223
1263721
8742816
7439124
3369834
5528675
2808063
9154491
7230071
2817232
5424367
5908806
4832092
1198844
8908245
8509934
4178503
9692300
5777871
1798741
9866493
3876658
9360388
1616784
654090
1421104
4567240
4425149
9232257
2960319
2364847
8803908
6442996
8368042
710161
8908163
2640054
6426706
2753018
669686
3766803
8457868
7399709
4477131
2956271
1408693
7481370
2185374
7145834
1263020
2834680
1445144
9195425
3160743
6854958
5077762
4296422
921090
3532505
6718179
5207655
4961713
6389454
4773659
6026384
2363370
689734
8517770
3011109
8641289
7441170
762675
8835102
6300544
9402341
8239949
7849148
9769933
1221912
6062593
8868132
2119917
9636497
7617035
9850412
3636728
5726968
513851
5452153
3544780
4246459
2005146
7180251
2709903
8342071
6102660
4020482
906951
9005098
6300526
5821455
8595445
4080024
6535731
6696170
2843260
2972202
2330508
4715392
1499256
5842220
5013056
7406281
3153549
5445058
3129815
5380024
5747561
8426512
8151144
5073920
6179754
7500053
3061605
5113247
3307862
8533011
5010508
4118304
4011564
601205
9278979
8316175
1602420
2501187
3761345
4512650
2527642
8384398
8989281
6586292
4910637
7090072
1057543
5683451
4169627
2797508
6227339
3032497
7574220
7756982
6271544
5605172
822837
6254755
9678977
2783942
1297064
8734377
5374849
756892
2039829
5452029
588429
8069544
7115715
4472828
3550487
8827107
1306213
6530947
1487826
9026888
1510378
684105
4670735
8140736
2848249
1916990
527479
3052731
7753533
696907
1528508
7252377
3846360
6740362
753442
6552115
3624103
8010946
1121237
2576993
7488055
6829658
7269509
9274702
9516198
9699358
7249190
512775
9982131
7870741
3220551
1178861
9968249
903905
6283380
3770560
7723392
7976791
5783177
7712332
8701627
6004999
3227529
746688
8065067
7818911
6611273
5377978
4766219
8096737
5838990
8454064
5211082
3901596
3429010
7817152
9265837
8198280
5722817
1891276
3195633
839933
3271248
8759998
9185931
1738249
8316053
1467238
7701774
1687811
5774149
7240616
3227220
897813
4773904
4718293
6130985
3667228
8193765
7261996
9599555
1223182
2188072
4853366
4965016
5573665
1301322
812727
5910964
9277471
2309920
1454002
4507584
9235695
8842265
7132585
4148984
8733052
2421828
4109554
5971650
5282862
4937789
7384047
7576089
5079280
563142
5096293
9432124
2068670
6412535
9342862
2604254
532997
3342052
2964205
1498647
908986
8395022
6374796
2643576
1554869
2632458
5565266
9707821
1090649
7227286
2131412
3430902
3620477
8110750
1144426
5316668
7806019
4983954
1896349
3625477
5292303
4070843
9221468
7903935
2756649
7337753
1936121
3742455
7933279
1502641
3730152
8989710
8763229
7774385
1487109
936957
1643017
4026314
8945835
7758094
9364814
4589621
2811978
8024153
1669810
8230036
2747077
8426422
818189
6202411
4991126
8349945
821092
1038440
4586524
8705371
8399892
8224988
3017724
7216557
6267708
7782453
5211962
912966
4307452
9477743
7867033
718052
4474444
8980063
1256523
7485777
6740586
3164688
7854800
8557866
7541116
2950156
3529329
9759344
4603814
2386421
9870748
9930327
5406435
9214537
4980059
8520461
7527235
6244959
2641808
4690989
536870
9099312
9060305
8171452
1401260
6611099
7662983
872814
9301737
9751618
9895753
1429583
696280
9756478
3765637
8724714
4618114
3474346
7271802
2412557
4822064
8222598
2202572
6894665
7061931
1500887
1103577
7994723
9399332
5861607
1877552
9352385
4160947
8976141
6960218
2196461
5134764
8334863
3798445
1958847
7614261
4644842
1332306
7497713
9174633
9683381
8773852
5942139
6650677
1695914
1714540
1724637
8175535
9611179
7389657
7779168
5733160
9707400
5344649
6927241
4412363
7064625
5929326
1263690
9244986
9782664
9614730
1391183
8703052
3313587
4593542
2889691
7904185
1616659
8415427
6554035
8648122
2012096
641416
9074700
9484059
8583287
5337287
6640872
8797001
4431858
8668375
7879035
5346574
4899267
7104891
1984505
5803064
2369011
1492992
5848914
3092056
7538697
666251
9048343
4793576
5599277
7078125
6260459
4724537
3137327
8374601
2293831
1919416
7439935
5634541
8417980
1994380
791829
9535928
960983
7358413
7447086
5433377
8367281
829445
4967332
3023818
3794253
2112501
6524362
7093769
964458
1916869
5904921
9096367
9666369
7690139
5852799
4087706
8122739
7895199
8160686
6784910
2043394
9742280
6714595
5530560
5671734
7184445
6277015
4719927
7245513
1662214
8470232
1997160
3716315
5725865
8781597
2686060
2740468
7925673
1169019
8648923
7911708
8034227
7094068
7890922
4350373
4827635
3907081
1802827
5217327
1048385
1179723
8287159
8837042
5259956
1662691
7420897
3954365
4176326
4775042
8082659
6747674
4829573
8978613
7606037
1744740
2513911
3873244
6775104
603917
4933241
9459613
6306372
1068240
1583147
9863317
7633112
7564905
6751701
1372941
7964283
9780083
4220720
3024057
1217248
889750
3968479
666035
5828148
9366050
6735506
1852592
6693606
9571689
6763074
5513942
7250366
6616361
2298823
4800973
4788718
9592639
7416953
1551083
9377225
2638352
2985923
5936031
588530
6640272
2626632
1425169
6403163
7321027
9426554
6643215
4655470
6249554
7392281
3010736
7384985
640549
9542357
1837230
5078408
4135394
3813917
9050704
531802
1877816
2049048
8230920
2365296
8065301
3364814
775580
4731681
8612325
5303362
2149298
4064579
827776
7565345
748316
5400881
9387034
6542688
3187512
7621933
1242504
9918758
9872695
5357056
7948068
7451936
5396525
8559454
6396496
1310693
6991038
8621944
2804023
3560685
2489271
6902795
3148938
4498308
9309110
7393407
2863230
9150091
3489346
3135969
1987253
4411085
6049632
4907997
1406593
9202551
1712783
6951470
5926791
8655807
3095466
814554
9343696
1462376
9715262
2634587
7787755
8020239
1264760
7697824
1614378
1640133
1039005
8082499
3161418
3616453
2403787
7851354
2173708
1828734
3268867
7840555
2609546
665391
4591790
1278443
4626536
3752030
7031290
4848916
1768859
9965012
7110685
5897918
5419011
551173
9282571
3909934
4939061
3049324
2587729
3413306
7278380
7813413
4162098
2490363
8279661
6850177
8550508
6920309
7408244
8464609
8690054
669783
5064762
5413026
9428937
4014788
5318164
5466004
5579156
9469525
1419348
8053502
3105658
9612619
3153552
7142413
2286589
6424524
5700419
6286127
3116922
1086859
4601957
7508279
8784853
3372050
2190205
8096552
9995163
9576051
2326876
7331561
6380382
7998970
2040403
948867
8171255
2850140
3751304
1626761
816667
2801354
8513788
1873094
4555984
9018034
5435433
2051012
1607580
7016105
7820721
4442348
8543077
9769924
9622378
3286776
5462489
2834059
4162840
7866173
813734
6388235
8398413
1124222
6437447
5545250
5138674
1574391
3799939
7493997
6387767
5986600
9161612
7988940
8742738
1850609
1558531
6822695
9133338
661926
1310425
1116462
4353331
3016447
3783426
5158352
1945781
2753099
6935709
1712903
9012467
5033173
2933993
7191052
2255513
9583425
1534567
5074728
7724298
9293771
6232924
6913853
9332885
6567496
987926
2063203
5757758
8613099
2882373
6929804
5943478
8696540
6321807
3445494
7835024
6256963
9015906
9508320
6355103
1845275
4662425
2855296
9907865
7026234
5450634
4726398
735648
2574543
9099347
2046054
9946690
1257606
5086268
7527956
9518705
2293379
4280104
5174000
9303487
4135550
9822799
3815308
8730577
1466850
839172
4295624
2315349
7925255
9114166
2215664
7274781
524498
3120367
1549876
8562757
1124418
3515649
7908439
3783248
5504594
7810155
2022207
2184307
6490160
7562352
3277648
8253765
6872784
5497104
2659048
8812347
2307665
9984269
639122
6213644
3195025
3123693
1961868
1461334
6316301
2041639
9750472
9480038
7062490
8812728
7895888
8164304
4060543
5725399
2968520
8920423
5839793
6557156
4887412
4641600
5068604
9897628
523140
3832192
1551135
9370398
3510115
7731935
6790813
8667338
3567412
2556436
9290683
2837031
512269
6826162
5209128
764108
7465497
3109896
2961082
661612
9115955
822627
1680553
2522884
1784298
1382173
7373830
1090580
5140095
678689
5740463
2256829
4546023
5026441
4280997
9051775
2452989
4705524
6368567
4998190
4514763
9412965
3590046
7850194
7075231
9548319
5326098
4573440
1937078
7191135
2036454
9218170
2726900
3685449
6862730
2251834
8908000
1102533
3659767
7057826
7951139
933411
4185311
8810573
9051286
6447104
9484667
3084922
7491714
9763071
7775931
8843554
3831203
8004806
2789315
1544688
5859357
7831260
1102829
8389556
2750750
2128275
7166536
8669657
5698892
3755476
9519496
6082436
4244421
6509382
4828905
6154646
4138954
6982398
5011939
1112495
6253273
7641555
9398064
9092840
1257718
9717948
3714331
1484116
7088055
4634091
8065351
2917393
8381620
5725140
8330648
1525363
1093075
1268548
7437990
3909258
3390149
2767365
7522271
5915507
7870836
2500699
1549087
1312957
2388258
1393015
953968
9918702
4464591
1861094
3824060
8859777
3178450
8408453
4403367
5755891
630647
8281536
962681
7387561
8537896
5523934
6020810
3906150
8255692
3976671
7750675
3403015
3423033
4700558
9159338
3151505
7356806
3861311
5747967
9499059
7695171
8787574
6005336
5590333
8507758
4485257
1680589
1591891
2957075
6006212
1423053
3931013
5194342
1772522
5879549
4327796
3559824
2446978
1684216
4071373
5524519
4021172
6255136
8531223
5212112
8957386
7779213
2492116
800509
3475745
9363424
8770377
3707786
1395589
7126258
1525177
572529
7585468
8327933
2094375
4771485
7771732
524366
7557090
810292
5505254
5164780
7157696
4775051
3878271
4895861
9508761
2018263
1151155
2673994
7590158
3822027
7381881
9388713
9952421
5082611
1905158
3912740
1553321
2963874
3836363
1484114
7629467
5037735
6394750
2843566
4999276
5294941
9393277
655819
5431443
1523633
7479706
3541654
8702546
3637463
9418551
3955628
4639595
9581735
7397122
826256
736258
5614143
3367365
3015533
2721919
3363588
1562602
8018064
4270465
6217484
1546896
5660984
2444580
6037478
1380674
1900574
1696102
4167711
8656073
4663912
7908011
7970746
5508179
3446737
7708770
2627675
8471985
7358433
9536314
8389587
7962022
3847954
1893678
2367722
9438618
4813936
7357475
2163380
3149902
1037712
3156090
8436248
5938262
7095916
5246238
1559391
7443273
7330856
7026560
2426306
7762809
9475056
1026868
8194784
9896141
1449251
3481834
1136430
4070530
4682790
4324232
8748752
8911519
5954841
3944909
1691413
932500
1753514
1141687
6524239
7873829
1982558
4361474
6884272
8618133
5791793
7898457
6179169
9157707
1293301
4496732
3037908
4378782
3670740
9396245
7348484
3330384
8591103
7284068
4005394
6674576
790356
5978161
7730267
3199365
6221849
7081376
8806216
5231539
6348808
2422641
9129004
3834779
3145683
9534115
2248116
6245864
604830
5701442
8279723
5759073
4636102
3757643
8434750
7715705
2877119
4105778
1187790
5414685
1665242
3706222
733551
928678
9464894
7456436
7415440
4017932
7201629
2063603
8471421
9216927
9900364
1637498
8950095
6217766
9784943
4977115
2326969
5458509
6598479
3945570
9834279
5498713
1181604
5373326
4588938
2697513
1595509
3085900
1397129
9139793
2051212
7152753
2262306
5925331
1551707
9256699
3380015
2752678
9517725
8671583
8589092
2341428
856729
1048790
7250750
6927218
8965471
8601776
5991672
7124446
5717390
3810365
6008690
1816816
9760740
8198825
2732858
8223370
5430932
1422697
9203007
8970092
9910198
8598661
8516308
8278026
8082297
4494491
1039303
2299747
1082787
8775458
7302042
6536353
9157499
6753052
3407977
3906488
7014214
3384333
2901788
8529428
8878647
1974120
4711239
2643212
1339374
2757967
2047573
2322304
1748124
2660970
3312087
8171734
2413478
5666361
8986484
6731201
7285937
2575577
5040739
2400338
7722384
8766932
5123791
3976800
1674334
9550018
719040
8692278
9569888
4883534
2924416
7348669
7690086
5900746
3790412
7039935
8200434
4853616
7352835
6541596
8195715
8842258
7408352
816287
8593330
7836782
7654079
500202
5805355
5661451
3790558
7264740
8940046
4995962
6486876
3329178
6663519
8967027
8891053
7135892
952414
5936106
8054762
5361203
3613408
6715359
5239205
6281795
9068363
7033500
7198527
5602791
3639764
5217770
5005282
4211102
3172889
2315868
4990662
5224754
9786947
5540522
1546377
3447809
9144721
7278677
5270149
1377393
2267638
6379605
6797109
6209232
3143492
6372167
6100538
4750324
9680377
6396425
9792752
6264608
3185844
8932385
8552237
3293157
7190293
2949855
2917650
4141384
1797986
825007
5023003
4857977
8097217
4876447
4400740
1452144
7549745
948895
7006666
1542250
5131664
3731035
5822023
3861168
3934050
8544438
7384715
2022250
5368728
4886317
2147239
6420313
8872450
1953434
8932427
3875870
2924239
6607218
8124178
3668036
7171626
7285771
5681310
1978769
1154182
2097998
7749873
2636422
570498
9923714
7934958
8707281
1310056
5698828
1021893
5040052
9262743
2502010
8280854
1601256
554440
711319
1993400
3655888
8682645
6604498
4700458
5256214
1584249
4015534
9216965
5979737
6439013
2319001
4564522
4164443
6142448
1560318
9282873
6986272
9863379
6772062
3408735
8454613
5447410
5155407
1408024
4580695
5559559
5169281
7782993
9239579
2371683
7880635
8696817
1901388
1009706
1680259
8338234
1679357
8530899
9354399
4337453
1850106
3492930
8883380
5034693
9497413
5341454
8699434
3650605
3124685
6755675
6665034
8663564
1313102
1205516
3985698
6179234
1619481
2339151
6205812
9396800
4781990
9119460
554181
5992079
2834389
3787412
2240751
5271140
6430611
3788918
4722583
721856
1726373
5385947
3118651
6893694
5345245
6022153
6710863
2137871
6655436
8797576
8714704
4241208
9251220
5284014
4965359
8523911
4708004
6835739
5806238
6075872
2827736
6044733
5972247
7543215
3886723
4577108
2966905
4552344
6059728
4875620
3379313
2860401
9945860
5441546
4583276
6464041
2158313
8127901
2548262
3071123
7594271
6057956
3084626
8260214
6272141
9357226
8033935
9612146
3738750
4274446
547769
1826395
8740280
2439972
1236221
3651465
2174553
7032124
4850575
7356501
5074811
7645746
5331345
3347766
6680470
8830214
3763032
5691346
4922341
6595719
4075251
5721316
9973063
1041409
9346997
5105074
889050
1461710
4069728
9520857
3492049
670269
500391
3314226
9255037
1669784
2033513
4246320
7620662
6172256
1019460
6024689
4990524
6290299
2844852
9097211
3768581
5568499
1560460
6903439
8817099
8758293
8088467
814189
6734219
3037513
2053304
3795041
9246047
2529608
1956307
5596972
5147658
5305285
9438041
6288543
6221704
3924075
3911484
7530205
4250147
1339396
3641709
3260147
3620207
5064196
6267230
668387
7024904
921976
9305166
9573571
7997569
6257878
8804483
846648
9757578
6274384
1007259
6712022
9912532
5049624
9897203
8130050
6314265
4081920
2124694
6914408
2652144
2310969
3469545
4623360
8417546
6473477
9699665
9947927
8652863
2175798
8052753
2628977
5895483
3596072
9202467
2094677
7305731
7511489
8995850
6931343
8519096
9477879
3025622
8326266
4776822
2651849
3856676
1855988
4396020
5220585
2501196
9630968
1321620
4274697
4386042
1220220
7242086
7230415
4329355
7077611
1809798
5085885
1216477
5728185
7808433
9814163
8274665
7201458
9378200
4379182
5836304
3567394
4111638
7271409
7120237
4754092
6282808
555152
2913179
4270247
1008701
6952971
5978863
5106722
550188
5913248
2139966
2120474
2588099
1462004
3132364
1928965
9000959
6578593
4528470
6804922
566195
1876335
8931897
6521428
6701717
3474858
2623349
9383279
5410067
1769553
5754319
9745502
5927522
8762927
9132565
3453440
1897757
2021617
4499408
892379
9932452
8971105
608574
1539828
6352441
9011670
9064200
3527392
3401754
2195105
953003
3263834
3752196
6814762
5565027
3167750
8584645
3949764
1823790
2916664
2147769
6048639
1556388
7852847
6529706
5179423
6609855
5887480
9128424
8926163
1736010
6023668
7062655
1163834
2521610
3365309
2127832
9458540
2919798
2668252
934250
5863326
1505063
1538107
4587968
4650742
7570383
9777769
9795654
7950926
4893602
2726557
6560480
2372141
7404921
2852103
1815577
6537264
6671676
3285998
4663492
1757866
4620604
1341917
9514049
8347058
759061
2132529
2180449
8189311
9978380
7561144
7262747
9041000
1784244
7798485
6254135
6105378
756210
4684880
6876112
6979867
8897581
5179405
4517709
6583880
3831172
2234471
3511791
888912
3858211
711596
7919930
5606824
5558847
8095441
4747905
4998505
6825944
7767490
5136986
8551629
9502019
5536575
8111557
9306976
2850727
5210719
8059383
2859900
9365795
8420630
3076905
7273534
2857557
9970119
2087740
3816707
3264000
4239267
7215372
5175892
8279803
4099130
6879187
6134902
1890739
7912944
5197727
4727737
7668075
1753377
1040489
3374913
2040923
7176318
4375079
1775068
6688720
6791769
3608925
5012932
6986905
4109300
3733803
3513403
2448773
7987263
2467679
5557023
539047
813736
6975178
3565981
6944963
1689686
699139
3179264
6621714
9889672
9815418
9740717
2096748
5564103
2593298
5646080
9964595
6120842
5326445
9412352
4195401
2885796
7102602
6881666
8979476
6170911
9011470
6392287
7678708
8056950
4119825
1620843
858848
8835763
7991502
744615
1453259
2732779
7503151
1297441
3341641
3239292
3651256
9944190
4930824
2009530
6990650
7089022
5588693
6772763
5423410
6679897
5365236
3292568
6113906
2517103
6536810
8839484
2086424
6219492
9473763
1410150
3587868
643929
5390940
923578
8652818
5810544
9067471
4379428
678698
7562112
1514704
3623948
6100909
8157724
5173693
1240576
2155607
5304562
8473570
6656861
963054
9451093
671781
7358354
4125916
1425318
5066256
723259
6022474
1424429
1442047
3975994
5812065
2811034
5453041
1855179
5175845
4879393
6456117
5992436
6434989
6864011
7747827
5351669
9199558
3069719
6807175
6006801
9922478
3447885
6144443
5664428
6823789
928148
9995332
7576632
7939663
6161689
1628865
3836395
2506627
583622
8562352
9328668
7011364
5313067
831042
9620355
585045
3142986
7864820
9699663
8387079
2377383
1168905
5372662
798530
8191194
2554852
6365055
7317469
3443007
4467963
7777464
2075924
1441408
3584459
2905674
9228818
8104778
3875113
1705865
1707460
5469409
2078296
5635152
9481494
1281327
1849505
8956537
6901552
9724932
6771466
920008
5289031
5605830
4258312
6405575
2686001
3816583
9904435
2514899
1388133
2898112
829231
6283235
9017821
6195594
5560347
9785576
8828788
3929785
6383101
4706585
2080952
1996075
4626431
4774414
5068597
8093550
8232041
2287593
2879465
945251
5411365
3674781
7137898
6177379
6568565
7395478
1236067
7891497
9353850
1933849
7975895
2069066
6592433
8180311
8576786
8082630
9493557
3964310
2684390
3508471
1801133
5326916
1626806
5905139
7109411
6859510
4099896
993866
5858264
1530747
8756005
9995164
1456357
4617137
8636207
3043080
6967705
1847722
1676645
3952742
7034723
3495174
6392229
8621434
2646720
8154371
2162894
2737787
6228406
4519766
5141174
9950623
1196362
2301816
7526563
7747190
6805750
8667381
3697659
2692956
8299222
4365395
1985312
6925814
4373825
7508015
5212073
2182400
9719289
1663539
4742529
8501789
1708862
3991962
2956623
2709137
9496998
9346255
2616700
3821829
1504993
7821987
6938476
9737354
6625910
5005895
9154788
7523061
6505039
6791005
4689585
6044187
4673710
3626716
3723506
5454171
4600214
6152487
4932673
1269921
1792461
3954801
702851
776214
8950915
8237158
6765225
9581868
4840452
7953642
8414157
7692385
7279669
7761542
5471524
7593574
2919919
5875917
2688914
6035436
3572232
8741651
4063140
1997048
9152475
7715867
3339596
4289296
6626644
3015777
3195058
6862045
8062139
6998085
2700924
8000652
602682
7320869
6617130
1310434
736833
9175795
7622408
9616397
3790142
1606832
4117422
8287388
8396138
2362737
2021637
2694507
7515398
5805739
5530588
2701777
5946704
5988881
9579959
9962905
3343700
719061
5878041
2994964
640623
3045505
5646273
2562302
5841917
5518285
1373320
7953304
7251772
3433970
7811089
2540759
4609683
6959097
9835712
4381216
9628194
4303976
4742483
4772905
6233115
6835709
6990205
2066155
5077327
8032347
8211673
3956963
3592004
3334757
7520738
8398518
723208
8705434
8902412
2103824
6916065
1138014
3374630
7790366
5129488
3601039
2431053
9134274
5079626
7572879
5477982
6696901
8157239
5524864
3080006
6170561
3624494
4680741
6900363
4121138
2861247
1432277
1141939
3262701
1753836
2403523
8985516
1021354
4088097
4404176
4213010
5492721
8376400
8946234
1693466
3096122
957157
2424102
8306271
5390079
4661580
660766
3079704
4372766
9800264
5076083
8650770
2858694
1047132
3391388
8723251
3858195
7961269
3946834
3893872
8360508
4352137
4495636
8155704
6122944
1506874
8933986
2400516
2984063
9090163
2471581
1419814
1638788
6650169
9930273
4009971
5943904
2188717
1310793
6332104
3169578
3303910
3855382
6755057
7098885
2750013
2134217
4489844
5265993
2452692
3957936
6677932
2953681
1928166
9238086
6451081
8528197
1933797
9205328
1783328
4737748
4135749
676203
2342292
1602115
3894252
6232205
1631055
5920746
6874103
520714
8901615
5095876
5745867
5100060
7822781
8583748
8098077
3967371
6196817
6732827
6109648
5951931
7177487
8487310
5505832
4922036
3406130
1773393
5575983
5852267
9420513
6113463
2370549
1493128
2562050
6719777
9082553
9633310
6578910
2007761
6546032
9292657
6380743
3901358
1905005
2812342
8893394
1623482
4853499
5790757
1296989
3666772
7001167
6756107
7449742
8962503
3366436
2246173
9577671
7653105
4131214
9181929
7947579
4484247
8031754
3137459
5912747
7806826
6416026
2222652
2290307
611373
5378839
7579961
1816532
7313763
2239124
6715697
3720016
2417993
1633102
6245326
2792217
9526299
6408111
7762285
2262526
9644475
4861343
1905486
7129525
2643423
2549209
3496646
6318497
3741747
8917043
2472186
6676304
3028677
4384288
536513
8374082
2234741
8393447
3409994
1976132
8900435
2638597
4839467
5439295
2620597
4907307
3359390
9672177
3549954
4757209
7446504
6449952
4020982
6109487
1782287
7959074
1612246
974835
8736059
5717860
1671285
1258644
3476036
554944
3825120
6542502
9794379
4478055
2518630
4936704
4477803
1416798
6402534
4704568
6310711
1559759
1954371
7343021
8258602
4756087
4036160
2940346
5652322
4894992
8558447
6870992
3335289
6736054
2437160
2425061
1087248
8533350
8642920
7580917
3171730
5973436
9943272
6844651
7924759
5002948
8111783
8784677
858150
9045259
5747556
9034015
8625295
5181155
7401632
2933834
3496643
6881789
5212572
5643335
1696858
2531562
6074166
617968
7352452
7826388
2336339
2351995
2236065
4906032
7444264
9943134
3487154
5501656
6424458
5220555
5827550
4476290
3764280
9869011
7589369
8993729
1450455
3836882
6778111
6418620
4079705
5526201
1458430
4398123
8635074
6036240
6960322
2271583
1001508
2396893
4557887
4975188
3841603
6640172
3440729
4495927
2891932
3766004
7285598
5805353
5300590
3204146
7439635
9593450
9321575
2868352
8991537
6799506
3541851
1308271
2607573
8569610
2647902
7704502
2691921
7921675
7846079
4425768
8186040
3308209
6819106
2367159
5307227
6514590
4844812
920935
1448385
9167477
5318266
7651206
1181069
9979756
3487911
3343525
8506246
7411946
9921192
2209051
7814949
3741664
6596929
2480174
9041701
7932380
9765092
5857619
7845826
9302827
740395
817250
3121638
7544535
1002667
7524557
5634453
4406613
1584344
9601155
8096282
5730650
1917218
3263668
4748111
2274370
2543141
1281033
902096
7112060
5520049
1340645
3293683
8688444
6018214
2525938
3373041
7941735
588408
7493684
5822925
5560175
6946621
3980535
6797704
6218064
3940946
5515759
3469767
8646078
1461646
9108037
4541607
2855455
905958
2007685
3227279
2273945
8336579
3096656
7621611
1015091
2586951
2901257
4136291
9400771
2436484
6834642
7388573
3259617
4027230
8596116
5422745
1696835
1234189
7281058
5064082
4216054
1311736
7397961
4746969
1655069
2698146
8654493
4744680
8108879
8254332
7692801
2916206
8927471
9701222
3312132
7284445
8933910
6439276
5082025
2038968
9087145
3742429
7323831
9194388
4016575
2910406
5738667
9362885
9810983
2647405
7616667
8967524
7752575
5469307
2909549
1091814
1805235
6063199
7948121
3053188
9964966
8221196
6846235
7839067
1899497
7166480
7972035
3495032
1397501
7036516
4108004
3731128
2623065
9792502
2625541
4279404
4702130
8888864
8396964
5071539
8883936
2003675
3928512
8937443
2852925
7694288
5486136
2169949
9496580
5726267
2312990
5912156
3880957
7975224
2454846
1290934
7736858
4105038
6715134
764674
1185628
3500314
6133913
5089276
2643545
2291418
6350096
1455864
7614714
5580512
1027016
9524563
7365743
7691554
4132237
6018724
4436614
4465887
1147314
9077133
4340190
4810222
2087772
2460133
1870390
5986764
1566294
2426215
7516661
4807746
8158303
2078774
569019
2863367
1639059
9439183
4222981
2436770
6629148
1730023
5345876
1751476
9843509
1787848
3743082
4816342
4949483
2195766
703248
4385100
9647052
2950025
1068352
3962231
9496438
3611813
742014
5705886
3774999
2174943
2933687
5603968
1257409
2129101
2857698
1377490
8374299
3739151
6587990
7209855
3431382
8663123
947017
8339155
2387838
5553587
3866381
9758231
7178373
8582875
771657
652655
2280912
8508160
9904346
8951911
4661451
747046
5908634
7621322
8004564
6096284
958848
533959
5735042
2767755
8216968
1450462
6054077
2770876
9272001
9240184
684412
4097287
9807708
4876840
3675651
1785911
2855721
8428978
9036144
557044
2767885
4310736
974990
4504320
5383536
4281785
5436172
5738153
767430
8235452
960852
2779937
9453936
4002213
4538058
4563066
1133218
5709114
6408021
7502718
2626081
7617605
7882766
4805882
988836
5419512
5366343
3525167
7323786
5546743
8287697
6683292
762067
881060
5122573
5606976
9756458
3896155
8801600
4143930
4656164
2380018
6661014
2370621
6302118
9752167
8657520
7791495
4603181
8731309
1364442
7002011
4194093
7480298
1935549
4690786
500059
5730019
1118354
7873048
9064326
4686205
5313321
4893214
1763569
3695356
5145919
999299
5160085
3124946
8377326
4008867
2497237
3577507
1115293
3868259
1084027
5793082
3311482
798829
7936215
6836254
7277093
2789815
1972807
890200
8786716
1873683
964290
4214163
701334
8767138
1093257
4171059
5526043
6420870
4455147
1141959
7985376
3027355
8572875
2391376
854879
5127743
8148032
6610210
7642823
8141687
1474540
1258963
6631151
8302829
1837985
8331845
7094441
6129294
9290320
2333692
1834067
6412658
978498
8331426
1289724
6924140
5285969
4769375
6231582
5019872
8038769
7665306
5445816
8914353
3532436
1144251
8902384
8972449
9776439
2926168
2127649
8734637
3925542
8105420
1486305
3977649
7712488
1602277
6515666
9472483
6239212
8755981
6495369
6206891
6235543
3859523
9003376
2749685
1998371
7524697
6698516
2969925
8319027
570653
9616497
779474
2923215
3841092
8750281
3777144
5739916
6098620
1518699
4886268
2911857
4063718
1051032
6635241
7144124
3789206
4034432
3620240
3574164
9354152
3867857
6672875
9953417
5403856
521479
6370754
6806948
5735183
8625140
9033287
4003767
6181357
3626837
4038235
629366
7443720
1092524
7238554
4754162
9688455
6685973
2168203
8029165
517996
4509214
4510129
1808027
8591232
9009900
3027308
2158801
9990487
5565743
6278159
1336205
8942771
8337909
1696116
558690
3201620
4322892
8569618
8169392
595601
1704735
8434444
2346319
5183452
4831378
1046791
3539671
1390898
2324937
2069124
1937967
6830684
7703056
5238090
2139504
2831550
7544805
5092054
7965677
8194034
5612471
7037640
5869932
4347437
2603320
8205548
7375800
5564562
9871895
7366752
1067777
8250989
5985830
5879843
5841360
5327082
1452327
2666078
6156347
7465965
9610798
2484287
3547489
1554175
6328380
7437158
8878333
2566677
4438660
3103567
6625445
6412747
4620716
9643862
9329832
3523104
1143438
9085316
7559639
6068140
3552018
6530091
1504474
1128327
4179101
802967
2165774
1941245
7709734
9073308
4371358
2337667
2129005
2283202
6743041
2966467
2168858
6413765
3730778
7639642
2704992
1590091
4952604
5200333
7134985
2955116
8791839
9003189
1932451
3326960
8609649
720251
6639147
6053982
6568628
7640076
6290409
1344252
2919614
6358954
4030479
1038196
3512213
1331433
8998909
8556155
6292556
5826297
1295731
7434408
2872627
7546683
6364910
5332098
9679439
4992382
5908176
7831871
8518888
6629520
724220
7817143
4652166
8034618
7011708
1259275
4923589
2495033
9036178
2870722
8794274
8899438
2418750
3761483
4598979
1380873
9059841
5428147
6210238
7829847
4355799
3554811
826541
4327496
6159618
7654604
9004489
9184910
4166890
8574833
790555
8587980
9481905
7656291
9052717
2550329
615010
1893592
5285789
2364387
5422165
1173344
7353673
9224625
4158215
1990558
3832080
6259797
4639519
4706861
6567617
4783938
9170916
8293365
2184014
7729828
4688674
3330805
6821939
8469782
2735117
1046148
6190768
9197450
9360508
3663154
1370730
4445099
4214703
6328486
6577085
6880153
5265900
8192711
2672512
507051
2854714
5198405
4308905
1896501
6998128
2234385
4364624
3634245
2953431
8625572
939245
1181048
761122
8373972
2891530
8708199
3874778
2430860
4940826
7244589
5180407
9917646
3325464
8349222
984684
9874948
5359155
1071662
4990434
4108571
5176528
4314288
570083
2773374
9425762
5770144
9568445
1423005
1524786
6763840
7672753
3301242
1742966
9064859
4466524
2196007
626239
6850100
8367366
6967894
4613556
5157699
2449259
5525411
7065237
7464473
1550877
9542508
4298779
7468031
3691463
2458344
5005229
3996339
2041203
5666619
918336
7030258
2489061
5643141
3396613
3231551
7186763
5846044
2507367
4656977
4497091
4581289
6161459
3003462
8118918
3756158
7190955
7389262
5214990
6456116
6449200
3600867
2609490
830200
3838876
3166295
7024871
5371921
4117814
7442771
4628446
9691852
4799017
5087911
3534389
4339736
3134105
5462336
2676349
8356041
2366362
5243268
8566864
1297834
7911747
7338924
7801579
714977
6871181
5618778
1727816
6204204
7125969
8503719
1430361
8282216
4415774
1627875
5311123
4061338
9615792
1818236
2550816
1690209
8193656
891593
9643574
9906237
910561
6274387
9520466
6947726
3480315
3501663
9058071
1646841
3812250
6751632
2614217
3304334
6118455
8565523
8523993
5473623
3463085
1389022
6566377
8083776
7438235
8334824
4646316
1900357
6732075
2914300
2353603
4258811
7468946
4403411
8554142
9778794
8415702
8034867
4287322
4618852
9938324
5601806
3723699
6098167
3853602
6125713
7042083
2261805
9468844
6733877
3389623
6189662
2114037
6625919
6305497
6007309
8436927
2958187
4099644
6238169
5808166
2342075
5465026
3411146
6946735
4704546
9415070
9523058
5312616
5217638
3962390
3352154
7403697
2205701
2164024
8002612
5043186
9313116
9529649
7553621
2070315
8062778
2512553
6969984
8260113
8542706
2081109
4547879
8369181
3835522
9376254
5501430
2696714
6140434
1014387
9138769
7827565
4570034
4063258
7775784
9076301
9417196
1505210
4722647
8206603
8095833
8081242
5118229
1902225
2892019
5157436
8402127
8857470
2833559
8671338
8980838
4102033
6264485
3533587
6845167
6792008
4520668
9247264
5548971
6760159
1627558
5215854
8035731
3843440
6879141
6761137
8409906
5356904
3558045
3647440
8545518
7530018
6200902
6928927
5334834
3718421
8633582
5211520
9906854
6167010
599028
8291361
1440627
6046098
4055999
3183976
9167548
8369835
6507352
3751740
3470141
8020841
6584203
9446495
3964140
6099331
9447554
5165580
634471
8557619
1680889
9935350
4980159
7604002
4785380
9338443
874946
8920246
6694858
6116322
2896020
7223900
4231771
2035881
2061628
3547300
5736073
7195849
6886298
6030942
3092024
5001740
6180172
9546152
5922465
7994982
1639505
8378563
9789733
5472770
8875669
7133329
3686994
2002265
6787617
1334795
4147102
6816099
5855576
6039757
2350808
5297840
9348967
2586150
5397159
2439879
9309712
827747
674929
3626774
1893536
6449683
1763590
1155283
8982761
8635804
8182073
5774301
3633423
8425214
2303599
3402136
7444583
6929087
3648154
574728
5287930
8154664
8180273
9659374
3574818
4858137
3715761
1508826
3911295
8070432
4939137
3011912
8880001
6460961
9555989
1640407
3069125
9721957
3282887
8016855
1920281
2149982
580670
843163
9466130
5855579
5037175
4817584
6437117
1667457
8639265
5526558
3915259
1235629
1722552
4590950
9660818
5444254
5755088
5267903
2488502
6814768
5187057
2975009
5963787
2593786
6544979
2946369
7597394
958894
2966529
3913633
4570934
5056785
4147926
2573475
613130
7899134
6103296
1080446
4547902
6101110
593703
2816563
5554614
1383281
5681124
1514605
9820912
4240880
602844
3461633
9954781
2948101
1676174
553246
8174196
1071820
9300303
2025073
6870908
5336915
7567449
9525084
3966902
2710734
2662560
4152301
2482934
4452072
7524311
1859642
9756977
2346394
6570303
5319964
2277594
9297618
1087290
2448285
8087712
9311230
9775509
3062430
6591820
5467077
9980217
1383390
4617730
7696608
5484951
2292710
7743063
4845147
1159202
2347202
6809672
9004278
2306670
9102432
3420633
8254932
4307858
5588637
8850084
1376727
5294075
1453738
2804980
7609369
5472115
7837114
2765429
1885401
3819905
8909579
903301
1816300
7986779
3109556
3564990
2601237
1439906
1765977
4576137
8215165
7512048
9269204
6347020
6030400
3752827
4094595
5835761
6740901
6375822
7337835
637233
1037157
2297484
564915
774302
5780960
2796324
1370527
9543482
2152969
5683166
6453262
4536460
9488346
3147712
6523593
3033870
929587
4584856
1802446
1076604
4591430
5450787
3918108
2497537
2267989
1955303
8788593
2377448
5142042
1255739
3034905
9945632
829695
9962720
4760676
4795983
7064202
7603132
1941746
8981757
9987576
1485840
908400
5755923
9113660
6545612
5081626
1868578
9422035
6139089
7519007
6663022
4609498
2851426
8994625
9509850
5717060
4546327
5034107
9316365
5631443
8506751
3952607
9942967
5180377
642779
6781697
8614331
5442313
1819950
978252
6940517
4302763
2539885
7509195
3033192
4784294
6434268
9896989
8950248
4495296
4313461
8285652
9965699
4768682
2679475
4809693
850537
4022523
2411157
5732583
3006823
8317857
5671999
2844300
6204994
7916818
2579142
8741572
4110455
2515988
1633774
4852938
7197180
3744748
1549743
7833623
7432544
1859947
3938309
3086964
4150882
4474050
8887008
2968351
6509274
5319099
1577189
1820925
844164
9744673
5236433
3923910
5275163
3535551
1725269
4404448
4924172
6164749
6450111
3377436
2609947
2673092
1933832
5996518
9353589
2745400
3930061
4812728
3196015
7239018
8987692
9630000
5652469
9721407
6063794
3926322
8993142
701540
2881621
2491928
7347965
1395988
2063845
2099710
6719584
9379582
6019803
1910929
5139693
625871
8493057
5757937
3749112
8830158
4420885
6252842
2616737
2882173
5135411
5435867
8929833
3549623
9503838
1117544
2000809
3213622
6783335
4365490
8719118
5126577
562277
7740743
5211663
7886899
4487155
901083
5395512
1589944
2182693
7330246
4490236
9578897
3175236
7180098
4568624
6753558
9880958
6471873
4527222
7778473
2282646
2833660
9055634
9461012
7776434
5301915
5228008
8559499
3392095
4864947
4539452
6672804
4907505
6179465
1819196
596731
9708562
1727267
9973244
9539006
4741028
716124
5906862
7483236
6481141
4384989
1503410
6379742
3651808
3110767
3231093
3359244
5512024
3256473
4111432
4175149
5129062
2596027
2448759
3110550
8627337
7983121
7802392
9062032
7796082
6955860
2020915
2773012
5239943
7836539
7805243
1493606
884716
9083364
5768071
7477578
3253487
7680508
5291506
8846187
3740461
7623252
2469821
2730743
8890641
8039876
6138774
2329473
1880616
6887040
7669108
676651
1688421
1532083
4715483
1962327
3741401
922791
6824092
6645834
5590634
9615710
4670450
8334235
5896663
2261865
3948739
5900789
9817928
3703926
2444388
7018067
5666358
5021582
7119344
2297088
5047253
1511040
5146000
703652
2386388
7948517
3110881
3286112
3525660
8978821
5815044
5273168
2265253
3044000
1135862
943055
8266543
3996342
5603359
8992719
5728595
8283924
9647885
5838693
4695308
3126425
4800544
3275034
2217946
8683656
664106
9159107
8270256
5231025
8766893
6580482
2847903
9541238
4332453
9411756
4091171
1486324
1066570
5661102
8133943
2174791
6598018
1351508
5047921
5925076
3979056
2271165
913902
2741703
1858920
4932986
3072726
2840047
2090754
8328766
6313931
3636631
6606498
8266534
5964914
7854535
731644
3084367
3923723
8436413
3960111
5796123
9047528
2347826
2872995
6156963
8420766
9743015
5995858
3292060
6959975
4872465
7890575
6466144
4941288
8306546
6499006
9565785
4551693
2502581
9401717
4612915
9080283
4374458
2188383
6917066
7319521
4187742
2026896
5030615
4902862
9286455
4577343
9731912
3711716
5772004
6873358
7495116
6123711
4275652
6171988
2004704
6342591
3763821
8516129
2440170
7559148
2578337
7054529
7637455
4958460
4816111
9408323
2158058
8132947
4533222
3839818
8508988
3002025
5384000
5744672
2873089
5745399
2234805
2902584
3790851
4285089
1727401
2736197
6661735
602830
9143489
9156191
3131043
4520305
5465057
9847116
7884567
1900519
6894722
6408275
2588326
4594281
3325837
4821455
1096615
2818697
9238990
6420811
6803764
5795309
6290634
8230715
6994565
7365076
1991234
9226410
511666
5272810
1044692
7763645
6646318
1757723
1910319
5671267
4360494
8428897
8301870
541888
759770
1904394
6276111
9650929
9311553
7389665
5293142
941624
6036354
1710078
7929738
2752846
2954462
7094345
8969059
7386098
5717807
9972260
9556615
9537005
3837792
7015822
2295297
8309087
1222231
7720751
5002349
4473271
3537423
726800
7483525
1518287
2691304
8893993
6114595
6867978
4645785
6639318
4252281
7685046
7663904
3393239
9777986
8563689
675885
1153556
9591508
8156364
4870747
9641111
6582864
553628
2301521
4622621
5642720
5803548
4518564
1482963
6068634
3538580
6754991
9093270
4780962
2979703
3401946
5292467
8895988
1986608
3438417
751346
7658748
8809720
5744856
7179452
8903696
8071337
1742109
7911106
6418042
5899567
7353172
3572802
3054928
1018608
1305881